100 100 0010000
100 101 0001100
100 110 0001000
100 111 0000100
100 000 0000000
100 001 1111100
100 010 1111000
100 011 1110100
101 100 0001100
101 101 0001001
101 110 0000110
101 111 0000011
101 000 0000000
101 001 1111101
101 010 1111010
101 011 1110111
110 100 0001000
110 101 0000110
110 110 0000100
110 111 0000010
110 000 0000000
110 001 1111110
110 010 1111100
110 011 1111010
111 100 0000100
111 101 0000011
111 110 0000010
111 111 0000001
111 000 0000000
111 001 1111111
111 010 1111110
111 011 1111101
000 100 0000000
000 101 0000000
000 110 0000000
000 111 0000000
000 000 0000000
000 001 0000000
000 010 0000000
000 011 0000000
001 100 1111100
001 101 1111101
001 110 1111110
001 111 1111111
001 000 0000000
001 001 0000001
001 010 0000010
001 011 0000011
010 100 1111000
010 101 1111010
010 110 1111100
010 111 1111110
010 000 0000000
010 001 0000010
010 010 0000100
010 011 0000110
011 100 1110100
011 101 1110111
011 110 1111010
011 111 1111101
011 000 0000000
011 001 0000011
011 010 0000110
011 011 0001001
